agent.Num: 10
agent.Umax: 10.0
agent.Vmax: 3.0
agent.physical_radius: 0.2
agent.radius: 0.8
baseline_bool: false
bug.bug_step_size: 20
bug.lower_limit_inflated_size: 7.2
bug.num_tracks: 4
bug.upper_limit_inflated_size: 11.2
map.set_xlim: 330
map.set_ylim: 330
map.set_zlim: 330
model.SpaceEnvironmentModel.dimension: 2
model.SpaceEnvironmentModel.withObstacles: true
model.TypicalScene.id: Random
model.UnmannedSystem.id: unmanned_vehicle
mpc.K: -1
mpc.epsilon: -1
mpc.max_episode: 2200
ob.apart_num: 2
ob.lower_limit_Square_side_length: 20.56194904089777
ob.num: 9
ob.rate: 0.05
ob.upper_limit_Square_side_length: 20.56194904089777
obstacle_list:
  - [16.12676112919533, 48.447374355111236, 45.043484807723644]
  - [190.11210339203376, 23.349987372368258, 45.043484807723644]
  - [82.58528449735697, 214.8223699520274, 45.043484807723644]
  - [94.58926330512669, 108.10588011638717, 45.043484807723644]
  - [221.88464324715082, 176.53592079760878, 45.043484807723644]
  - [153.03502378759944, 185.83485546479767, 45.043484807723644]
  - [19.282422673590816, 126.86003959382089, 45.043484807723644]
  - [194.35399990584813, 103.22381094654978, 45.043484807723644]
  - [94.98287988119938, 34.98677316573371, 45.043484807723644]
round.current: 1
round.only_one: false
round.total: 1
